{
 "cells": [
  {
   "cell_type": "code",
   "execution_count": 23,
   "metadata": {},
   "outputs": [],
   "source": [
    "import pandas as pd\n",
    "import numpy as np\n",
    "import matplotlib.pyplot as plt\n",
    "%matplotlib inline"
   ]
  },
  {
   "cell_type": "code",
   "execution_count": 24,
   "metadata": {},
   "outputs": [],
   "source": [
    "# Load boston house pricing dataset\n",
    "dataframe=pd.read_csv('HousingData.csv')"
   ]
  },
  {
   "cell_type": "code",
   "execution_count": 25,
   "metadata": {},
   "outputs": [
    {
     "data": {
      "text/html": [
       "<div>\n",
       "<style scoped>\n",
       "    .dataframe tbody tr th:only-of-type {\n",
       "        vertical-align: middle;\n",
       "    }\n",
       "\n",
       "    .dataframe tbody tr th {\n",
       "        vertical-align: top;\n",
       "    }\n",
       "\n",
       "    .dataframe thead th {\n",
       "        text-align: right;\n",
       "    }\n",
       "</style>\n",
       "<table border=\"1\" class=\"dataframe\">\n",
       "  <thead>\n",
       "    <tr style=\"text-align: right;\">\n",
       "      <th></th>\n",
       "      <th>CRIM</th>\n",
       "      <th>ZN</th>\n",
       "      <th>INDUS</th>\n",
       "      <th>CHAS</th>\n",
       "      <th>NOX</th>\n",
       "      <th>RM</th>\n",
       "      <th>AGE</th>\n",
       "      <th>DIS</th>\n",
       "      <th>RAD</th>\n",
       "      <th>TAX</th>\n",
       "      <th>PTRATIO</th>\n",
       "      <th>B</th>\n",
       "      <th>LSTAT</th>\n",
       "      <th>MEDV</th>\n",
       "    </tr>\n",
       "  </thead>\n",
       "  <tbody>\n",
       "    <tr>\n",
       "      <th>0</th>\n",
       "      <td>0.00632</td>\n",
       "      <td>18.0</td>\n",
       "      <td>2.31</td>\n",
       "      <td>0.0</td>\n",
       "      <td>0.538</td>\n",
       "      <td>6.575</td>\n",
       "      <td>65.2</td>\n",
       "      <td>4.0900</td>\n",
       "      <td>1</td>\n",
       "      <td>296</td>\n",
       "      <td>15.3</td>\n",
       "      <td>396.90</td>\n",
       "      <td>4.98</td>\n",
       "      <td>24.0</td>\n",
       "    </tr>\n",
       "    <tr>\n",
       "      <th>1</th>\n",
       "      <td>0.02731</td>\n",
       "      <td>0.0</td>\n",
       "      <td>7.07</td>\n",
       "      <td>0.0</td>\n",
       "      <td>0.469</td>\n",
       "      <td>6.421</td>\n",
       "      <td>78.9</td>\n",
       "      <td>4.9671</td>\n",
       "      <td>2</td>\n",
       "      <td>242</td>\n",
       "      <td>17.8</td>\n",
       "      <td>396.90</td>\n",
       "      <td>9.14</td>\n",
       "      <td>21.6</td>\n",
       "    </tr>\n",
       "    <tr>\n",
       "      <th>2</th>\n",
       "      <td>0.02729</td>\n",
       "      <td>0.0</td>\n",
       "      <td>7.07</td>\n",
       "      <td>0.0</td>\n",
       "      <td>0.469</td>\n",
       "      <td>7.185</td>\n",
       "      <td>61.1</td>\n",
       "      <td>4.9671</td>\n",
       "      <td>2</td>\n",
       "      <td>242</td>\n",
       "      <td>17.8</td>\n",
       "      <td>392.83</td>\n",
       "      <td>4.03</td>\n",
       "      <td>34.7</td>\n",
       "    </tr>\n",
       "    <tr>\n",
       "      <th>3</th>\n",
       "      <td>0.03237</td>\n",
       "      <td>0.0</td>\n",
       "      <td>2.18</td>\n",
       "      <td>0.0</td>\n",
       "      <td>0.458</td>\n",
       "      <td>6.998</td>\n",
       "      <td>45.8</td>\n",
       "      <td>6.0622</td>\n",
       "      <td>3</td>\n",
       "      <td>222</td>\n",
       "      <td>18.7</td>\n",
       "      <td>394.63</td>\n",
       "      <td>2.94</td>\n",
       "      <td>33.4</td>\n",
       "    </tr>\n",
       "    <tr>\n",
       "      <th>4</th>\n",
       "      <td>0.06905</td>\n",
       "      <td>0.0</td>\n",
       "      <td>2.18</td>\n",
       "      <td>0.0</td>\n",
       "      <td>0.458</td>\n",
       "      <td>7.147</td>\n",
       "      <td>54.2</td>\n",
       "      <td>6.0622</td>\n",
       "      <td>3</td>\n",
       "      <td>222</td>\n",
       "      <td>18.7</td>\n",
       "      <td>396.90</td>\n",
       "      <td>NaN</td>\n",
       "      <td>36.2</td>\n",
       "    </tr>\n",
       "  </tbody>\n",
       "</table>\n",
       "</div>"
      ],
      "text/plain": [
       "      CRIM    ZN  INDUS  CHAS    NOX     RM   AGE     DIS  RAD  TAX  PTRATIO  \\\n",
       "0  0.00632  18.0   2.31   0.0  0.538  6.575  65.2  4.0900    1  296     15.3   \n",
       "1  0.02731   0.0   7.07   0.0  0.469  6.421  78.9  4.9671    2  242     17.8   \n",
       "2  0.02729   0.0   7.07   0.0  0.469  7.185  61.1  4.9671    2  242     17.8   \n",
       "3  0.03237   0.0   2.18   0.0  0.458  6.998  45.8  6.0622    3  222     18.7   \n",
       "4  0.06905   0.0   2.18   0.0  0.458  7.147  54.2  6.0622    3  222     18.7   \n",
       "\n",
       "        B  LSTAT  MEDV  \n",
       "0  396.90   4.98  24.0  \n",
       "1  396.90   9.14  21.6  \n",
       "2  392.83   4.03  34.7  \n",
       "3  394.63   2.94  33.4  \n",
       "4  396.90    NaN  36.2  "
      ]
     },
     "execution_count": 25,
     "metadata": {},
     "output_type": "execute_result"
    }
   ],
   "source": [
    "dataframe.head()"
   ]
  },
  {
   "cell_type": "code",
   "execution_count": 26,
   "metadata": {},
   "outputs": [
    {
     "name": "stdout",
     "output_type": "stream",
     "text": [
      "<class 'pandas.core.frame.DataFrame'>\n",
      "RangeIndex: 506 entries, 0 to 505\n",
      "Data columns (total 14 columns):\n",
      " #   Column   Non-Null Count  Dtype  \n",
      "---  ------   --------------  -----  \n",
      " 0   CRIM     486 non-null    float64\n",
      " 1   ZN       486 non-null    float64\n",
      " 2   INDUS    486 non-null    float64\n",
      " 3   CHAS     486 non-null    float64\n",
      " 4   NOX      506 non-null    float64\n",
      " 5   RM       506 non-null    float64\n",
      " 6   AGE      486 non-null    float64\n",
      " 7   DIS      506 non-null    float64\n",
      " 8   RAD      506 non-null    int64  \n",
      " 9   TAX      506 non-null    int64  \n",
      " 10  PTRATIO  506 non-null    float64\n",
      " 11  B        506 non-null    float64\n",
      " 12  LSTAT    486 non-null    float64\n",
      " 13  MEDV     506 non-null    float64\n",
      "dtypes: float64(12), int64(2)\n",
      "memory usage: 55.5 KB\n"
     ]
    }
   ],
   "source": [
    "dataframe.info()"
   ]
  },
  {
   "cell_type": "code",
   "execution_count": 27,
   "metadata": {},
   "outputs": [
    {
     "data": {
      "text/plain": [
       "CRIM       20\n",
       "ZN         20\n",
       "INDUS      20\n",
       "CHAS       20\n",
       "NOX         0\n",
       "RM          0\n",
       "AGE        20\n",
       "DIS         0\n",
       "RAD         0\n",
       "TAX         0\n",
       "PTRATIO     0\n",
       "B           0\n",
       "LSTAT      20\n",
       "MEDV        0\n",
       "dtype: int64"
      ]
     },
     "execution_count": 27,
     "metadata": {},
     "output_type": "execute_result"
    }
   ],
   "source": [
    "dataframe.isnull().sum()"
   ]
  },
  {
   "cell_type": "code",
   "execution_count": 28,
   "metadata": {},
   "outputs": [],
   "source": [
    "dataframe=dataframe.dropna()"
   ]
  },
  {
   "cell_type": "code",
   "execution_count": 29,
   "metadata": {},
   "outputs": [],
   "source": [
    "dataframe.rename(columns={'MEDV':'Price'},inplace=True)"
   ]
  },
  {
   "cell_type": "code",
   "execution_count": 30,
   "metadata": {},
   "outputs": [
    {
     "data": {
      "text/html": [
       "<div>\n",
       "<style scoped>\n",
       "    .dataframe tbody tr th:only-of-type {\n",
       "        vertical-align: middle;\n",
       "    }\n",
       "\n",
       "    .dataframe tbody tr th {\n",
       "        vertical-align: top;\n",
       "    }\n",
       "\n",
       "    .dataframe thead th {\n",
       "        text-align: right;\n",
       "    }\n",
       "</style>\n",
       "<table border=\"1\" class=\"dataframe\">\n",
       "  <thead>\n",
       "    <tr style=\"text-align: right;\">\n",
       "      <th></th>\n",
       "      <th>CRIM</th>\n",
       "      <th>ZN</th>\n",
       "      <th>INDUS</th>\n",
       "      <th>CHAS</th>\n",
       "      <th>NOX</th>\n",
       "      <th>RM</th>\n",
       "      <th>AGE</th>\n",
       "      <th>DIS</th>\n",
       "      <th>RAD</th>\n",
       "      <th>TAX</th>\n",
       "      <th>PTRATIO</th>\n",
       "      <th>B</th>\n",
       "      <th>LSTAT</th>\n",
       "      <th>Price</th>\n",
       "    </tr>\n",
       "  </thead>\n",
       "  <tbody>\n",
       "    <tr>\n",
       "      <th>0</th>\n",
       "      <td>0.00632</td>\n",
       "      <td>18.0</td>\n",
       "      <td>2.31</td>\n",
       "      <td>0.0</td>\n",
       "      <td>0.538</td>\n",
       "      <td>6.575</td>\n",
       "      <td>65.2</td>\n",
       "      <td>4.0900</td>\n",
       "      <td>1</td>\n",
       "      <td>296</td>\n",
       "      <td>15.3</td>\n",
       "      <td>396.90</td>\n",
       "      <td>4.98</td>\n",
       "      <td>24.0</td>\n",
       "    </tr>\n",
       "    <tr>\n",
       "      <th>1</th>\n",
       "      <td>0.02731</td>\n",
       "      <td>0.0</td>\n",
       "      <td>7.07</td>\n",
       "      <td>0.0</td>\n",
       "      <td>0.469</td>\n",
       "      <td>6.421</td>\n",
       "      <td>78.9</td>\n",
       "      <td>4.9671</td>\n",
       "      <td>2</td>\n",
       "      <td>242</td>\n",
       "      <td>17.8</td>\n",
       "      <td>396.90</td>\n",
       "      <td>9.14</td>\n",
       "      <td>21.6</td>\n",
       "    </tr>\n",
       "    <tr>\n",
       "      <th>2</th>\n",
       "      <td>0.02729</td>\n",
       "      <td>0.0</td>\n",
       "      <td>7.07</td>\n",
       "      <td>0.0</td>\n",
       "      <td>0.469</td>\n",
       "      <td>7.185</td>\n",
       "      <td>61.1</td>\n",
       "      <td>4.9671</td>\n",
       "      <td>2</td>\n",
       "      <td>242</td>\n",
       "      <td>17.8</td>\n",
       "      <td>392.83</td>\n",
       "      <td>4.03</td>\n",
       "      <td>34.7</td>\n",
       "    </tr>\n",
       "    <tr>\n",
       "      <th>3</th>\n",
       "      <td>0.03237</td>\n",
       "      <td>0.0</td>\n",
       "      <td>2.18</td>\n",
       "      <td>0.0</td>\n",
       "      <td>0.458</td>\n",
       "      <td>6.998</td>\n",
       "      <td>45.8</td>\n",
       "      <td>6.0622</td>\n",
       "      <td>3</td>\n",
       "      <td>222</td>\n",
       "      <td>18.7</td>\n",
       "      <td>394.63</td>\n",
       "      <td>2.94</td>\n",
       "      <td>33.4</td>\n",
       "    </tr>\n",
       "    <tr>\n",
       "      <th>5</th>\n",
       "      <td>0.02985</td>\n",
       "      <td>0.0</td>\n",
       "      <td>2.18</td>\n",
       "      <td>0.0</td>\n",
       "      <td>0.458</td>\n",
       "      <td>6.430</td>\n",
       "      <td>58.7</td>\n",
       "      <td>6.0622</td>\n",
       "      <td>3</td>\n",
       "      <td>222</td>\n",
       "      <td>18.7</td>\n",
       "      <td>394.12</td>\n",
       "      <td>5.21</td>\n",
       "      <td>28.7</td>\n",
       "    </tr>\n",
       "  </tbody>\n",
       "</table>\n",
       "</div>"
      ],
      "text/plain": [
       "      CRIM    ZN  INDUS  CHAS    NOX     RM   AGE     DIS  RAD  TAX  PTRATIO  \\\n",
       "0  0.00632  18.0   2.31   0.0  0.538  6.575  65.2  4.0900    1  296     15.3   \n",
       "1  0.02731   0.0   7.07   0.0  0.469  6.421  78.9  4.9671    2  242     17.8   \n",
       "2  0.02729   0.0   7.07   0.0  0.469  7.185  61.1  4.9671    2  242     17.8   \n",
       "3  0.03237   0.0   2.18   0.0  0.458  6.998  45.8  6.0622    3  222     18.7   \n",
       "5  0.02985   0.0   2.18   0.0  0.458  6.430  58.7  6.0622    3  222     18.7   \n",
       "\n",
       "        B  LSTAT  Price  \n",
       "0  396.90   4.98   24.0  \n",
       "1  396.90   9.14   21.6  \n",
       "2  392.83   4.03   34.7  \n",
       "3  394.63   2.94   33.4  \n",
       "5  394.12   5.21   28.7  "
      ]
     },
     "execution_count": 30,
     "metadata": {},
     "output_type": "execute_result"
    }
   ],
   "source": [
    "dataframe.head()"
   ]
  },
  {
   "cell_type": "code",
   "execution_count": 31,
   "metadata": {},
   "outputs": [
    {
     "data": {
      "text/html": [
       "<div>\n",
       "<style scoped>\n",
       "    .dataframe tbody tr th:only-of-type {\n",
       "        vertical-align: middle;\n",
       "    }\n",
       "\n",
       "    .dataframe tbody tr th {\n",
       "        vertical-align: top;\n",
       "    }\n",
       "\n",
       "    .dataframe thead th {\n",
       "        text-align: right;\n",
       "    }\n",
       "</style>\n",
       "<table border=\"1\" class=\"dataframe\">\n",
       "  <thead>\n",
       "    <tr style=\"text-align: right;\">\n",
       "      <th></th>\n",
       "      <th>CRIM</th>\n",
       "      <th>ZN</th>\n",
       "      <th>INDUS</th>\n",
       "      <th>CHAS</th>\n",
       "      <th>NOX</th>\n",
       "      <th>RM</th>\n",
       "      <th>AGE</th>\n",
       "      <th>DIS</th>\n",
       "      <th>RAD</th>\n",
       "      <th>TAX</th>\n",
       "      <th>PTRATIO</th>\n",
       "      <th>B</th>\n",
       "      <th>LSTAT</th>\n",
       "      <th>Price</th>\n",
       "    </tr>\n",
       "  </thead>\n",
       "  <tbody>\n",
       "    <tr>\n",
       "      <th>CRIM</th>\n",
       "      <td>1.000000</td>\n",
       "      <td>-0.188075</td>\n",
       "      <td>0.391552</td>\n",
       "      <td>-0.051970</td>\n",
       "      <td>0.416160</td>\n",
       "      <td>-0.227170</td>\n",
       "      <td>0.341311</td>\n",
       "      <td>-0.365052</td>\n",
       "      <td>0.608667</td>\n",
       "      <td>0.560841</td>\n",
       "      <td>0.265428</td>\n",
       "      <td>-0.386254</td>\n",
       "      <td>0.461906</td>\n",
       "      <td>-0.397230</td>\n",
       "    </tr>\n",
       "    <tr>\n",
       "      <th>ZN</th>\n",
       "      <td>-0.188075</td>\n",
       "      <td>1.000000</td>\n",
       "      <td>-0.521256</td>\n",
       "      <td>-0.033357</td>\n",
       "      <td>-0.515660</td>\n",
       "      <td>0.343210</td>\n",
       "      <td>-0.568174</td>\n",
       "      <td>0.645359</td>\n",
       "      <td>-0.298773</td>\n",
       "      <td>-0.305768</td>\n",
       "      <td>-0.422164</td>\n",
       "      <td>0.169894</td>\n",
       "      <td>-0.415041</td>\n",
       "      <td>0.406822</td>\n",
       "    </tr>\n",
       "    <tr>\n",
       "      <th>INDUS</th>\n",
       "      <td>0.391552</td>\n",
       "      <td>-0.521256</td>\n",
       "      <td>1.000000</td>\n",
       "      <td>0.049820</td>\n",
       "      <td>0.762737</td>\n",
       "      <td>-0.403068</td>\n",
       "      <td>0.642387</td>\n",
       "      <td>-0.696569</td>\n",
       "      <td>0.591944</td>\n",
       "      <td>0.734204</td>\n",
       "      <td>0.395691</td>\n",
       "      <td>-0.344788</td>\n",
       "      <td>0.598156</td>\n",
       "      <td>-0.510829</td>\n",
       "    </tr>\n",
       "    <tr>\n",
       "      <th>CHAS</th>\n",
       "      <td>-0.051970</td>\n",
       "      <td>-0.033357</td>\n",
       "      <td>0.049820</td>\n",
       "      <td>1.000000</td>\n",
       "      <td>0.076661</td>\n",
       "      <td>0.095308</td>\n",
       "      <td>0.072644</td>\n",
       "      <td>-0.095037</td>\n",
       "      <td>0.014102</td>\n",
       "      <td>-0.026513</td>\n",
       "      <td>-0.104995</td>\n",
       "      <td>0.068913</td>\n",
       "      <td>-0.037113</td>\n",
       "      <td>0.173701</td>\n",
       "    </tr>\n",
       "    <tr>\n",
       "      <th>NOX</th>\n",
       "      <td>0.416160</td>\n",
       "      <td>-0.515660</td>\n",
       "      <td>0.762737</td>\n",
       "      <td>0.076661</td>\n",
       "      <td>1.000000</td>\n",
       "      <td>-0.316563</td>\n",
       "      <td>0.732540</td>\n",
       "      <td>-0.768137</td>\n",
       "      <td>0.628170</td>\n",
       "      <td>0.679824</td>\n",
       "      <td>0.210216</td>\n",
       "      <td>-0.384257</td>\n",
       "      <td>0.593655</td>\n",
       "      <td>-0.459054</td>\n",
       "    </tr>\n",
       "    <tr>\n",
       "      <th>RM</th>\n",
       "      <td>-0.227170</td>\n",
       "      <td>0.343210</td>\n",
       "      <td>-0.403068</td>\n",
       "      <td>0.095308</td>\n",
       "      <td>-0.316563</td>\n",
       "      <td>1.000000</td>\n",
       "      <td>-0.248670</td>\n",
       "      <td>0.218713</td>\n",
       "      <td>-0.236057</td>\n",
       "      <td>-0.320561</td>\n",
       "      <td>-0.390686</td>\n",
       "      <td>0.123320</td>\n",
       "      <td>-0.636226</td>\n",
       "      <td>0.723951</td>\n",
       "    </tr>\n",
       "    <tr>\n",
       "      <th>AGE</th>\n",
       "      <td>0.341311</td>\n",
       "      <td>-0.568174</td>\n",
       "      <td>0.642387</td>\n",
       "      <td>0.072644</td>\n",
       "      <td>0.732540</td>\n",
       "      <td>-0.248670</td>\n",
       "      <td>1.000000</td>\n",
       "      <td>-0.753547</td>\n",
       "      <td>0.443585</td>\n",
       "      <td>0.504472</td>\n",
       "      <td>0.264968</td>\n",
       "      <td>-0.281990</td>\n",
       "      <td>0.601137</td>\n",
       "      <td>-0.407470</td>\n",
       "    </tr>\n",
       "    <tr>\n",
       "      <th>DIS</th>\n",
       "      <td>-0.365052</td>\n",
       "      <td>0.645359</td>\n",
       "      <td>-0.696569</td>\n",
       "      <td>-0.095037</td>\n",
       "      <td>-0.768137</td>\n",
       "      <td>0.218713</td>\n",
       "      <td>-0.753547</td>\n",
       "      <td>1.000000</td>\n",
       "      <td>-0.477075</td>\n",
       "      <td>-0.529603</td>\n",
       "      <td>-0.228840</td>\n",
       "      <td>0.285168</td>\n",
       "      <td>-0.505036</td>\n",
       "      <td>0.279547</td>\n",
       "    </tr>\n",
       "    <tr>\n",
       "      <th>RAD</th>\n",
       "      <td>0.608667</td>\n",
       "      <td>-0.298773</td>\n",
       "      <td>0.591944</td>\n",
       "      <td>0.014102</td>\n",
       "      <td>0.628170</td>\n",
       "      <td>-0.236057</td>\n",
       "      <td>0.443585</td>\n",
       "      <td>-0.477075</td>\n",
       "      <td>1.000000</td>\n",
       "      <td>0.900000</td>\n",
       "      <td>0.441949</td>\n",
       "      <td>-0.444135</td>\n",
       "      <td>0.510868</td>\n",
       "      <td>-0.416638</td>\n",
       "    </tr>\n",
       "    <tr>\n",
       "      <th>TAX</th>\n",
       "      <td>0.560841</td>\n",
       "      <td>-0.305768</td>\n",
       "      <td>0.734204</td>\n",
       "      <td>-0.026513</td>\n",
       "      <td>0.679824</td>\n",
       "      <td>-0.320561</td>\n",
       "      <td>0.504472</td>\n",
       "      <td>-0.529603</td>\n",
       "      <td>0.900000</td>\n",
       "      <td>1.000000</td>\n",
       "      <td>0.446961</td>\n",
       "      <td>-0.435457</td>\n",
       "      <td>0.572218</td>\n",
       "      <td>-0.508864</td>\n",
       "    </tr>\n",
       "    <tr>\n",
       "      <th>PTRATIO</th>\n",
       "      <td>0.265428</td>\n",
       "      <td>-0.422164</td>\n",
       "      <td>0.395691</td>\n",
       "      <td>-0.104995</td>\n",
       "      <td>0.210216</td>\n",
       "      <td>-0.390686</td>\n",
       "      <td>0.264968</td>\n",
       "      <td>-0.228840</td>\n",
       "      <td>0.441949</td>\n",
       "      <td>0.446961</td>\n",
       "      <td>1.000000</td>\n",
       "      <td>-0.179816</td>\n",
       "      <td>0.395006</td>\n",
       "      <td>-0.543809</td>\n",
       "    </tr>\n",
       "    <tr>\n",
       "      <th>B</th>\n",
       "      <td>-0.386254</td>\n",
       "      <td>0.169894</td>\n",
       "      <td>-0.344788</td>\n",
       "      <td>0.068913</td>\n",
       "      <td>-0.384257</td>\n",
       "      <td>0.123320</td>\n",
       "      <td>-0.281990</td>\n",
       "      <td>0.285168</td>\n",
       "      <td>-0.444135</td>\n",
       "      <td>-0.435457</td>\n",
       "      <td>-0.179816</td>\n",
       "      <td>1.000000</td>\n",
       "      <td>-0.383783</td>\n",
       "      <td>0.347256</td>\n",
       "    </tr>\n",
       "    <tr>\n",
       "      <th>LSTAT</th>\n",
       "      <td>0.461906</td>\n",
       "      <td>-0.415041</td>\n",
       "      <td>0.598156</td>\n",
       "      <td>-0.037113</td>\n",
       "      <td>0.593655</td>\n",
       "      <td>-0.636226</td>\n",
       "      <td>0.601137</td>\n",
       "      <td>-0.505036</td>\n",
       "      <td>0.510868</td>\n",
       "      <td>0.572218</td>\n",
       "      <td>0.395006</td>\n",
       "      <td>-0.383783</td>\n",
       "      <td>1.000000</td>\n",
       "      <td>-0.743450</td>\n",
       "    </tr>\n",
       "    <tr>\n",
       "      <th>Price</th>\n",
       "      <td>-0.397230</td>\n",
       "      <td>0.406822</td>\n",
       "      <td>-0.510829</td>\n",
       "      <td>0.173701</td>\n",
       "      <td>-0.459054</td>\n",
       "      <td>0.723951</td>\n",
       "      <td>-0.407470</td>\n",
       "      <td>0.279547</td>\n",
       "      <td>-0.416638</td>\n",
       "      <td>-0.508864</td>\n",
       "      <td>-0.543809</td>\n",
       "      <td>0.347256</td>\n",
       "      <td>-0.743450</td>\n",
       "      <td>1.000000</td>\n",
       "    </tr>\n",
       "  </tbody>\n",
       "</table>\n",
       "</div>"
      ],
      "text/plain": [
       "             CRIM        ZN     INDUS      CHAS       NOX        RM       AGE  \\\n",
       "CRIM     1.000000 -0.188075  0.391552 -0.051970  0.416160 -0.227170  0.341311   \n",
       "ZN      -0.188075  1.000000 -0.521256 -0.033357 -0.515660  0.343210 -0.568174   \n",
       "INDUS    0.391552 -0.521256  1.000000  0.049820  0.762737 -0.403068  0.642387   \n",
       "CHAS    -0.051970 -0.033357  0.049820  1.000000  0.076661  0.095308  0.072644   \n",
       "NOX      0.416160 -0.515660  0.762737  0.076661  1.000000 -0.316563  0.732540   \n",
       "RM      -0.227170  0.343210 -0.403068  0.095308 -0.316563  1.000000 -0.248670   \n",
       "AGE      0.341311 -0.568174  0.642387  0.072644  0.732540 -0.248670  1.000000   \n",
       "DIS     -0.365052  0.645359 -0.696569 -0.095037 -0.768137  0.218713 -0.753547   \n",
       "RAD      0.608667 -0.298773  0.591944  0.014102  0.628170 -0.236057  0.443585   \n",
       "TAX      0.560841 -0.305768  0.734204 -0.026513  0.679824 -0.320561  0.504472   \n",
       "PTRATIO  0.265428 -0.422164  0.395691 -0.104995  0.210216 -0.390686  0.264968   \n",
       "B       -0.386254  0.169894 -0.344788  0.068913 -0.384257  0.123320 -0.281990   \n",
       "LSTAT    0.461906 -0.415041  0.598156 -0.037113  0.593655 -0.636226  0.601137   \n",
       "Price   -0.397230  0.406822 -0.510829  0.173701 -0.459054  0.723951 -0.407470   \n",
       "\n",
       "              DIS       RAD       TAX   PTRATIO         B     LSTAT     Price  \n",
       "CRIM    -0.365052  0.608667  0.560841  0.265428 -0.386254  0.461906 -0.397230  \n",
       "ZN       0.645359 -0.298773 -0.305768 -0.422164  0.169894 -0.415041  0.406822  \n",
       "INDUS   -0.696569  0.591944  0.734204  0.395691 -0.344788  0.598156 -0.510829  \n",
       "CHAS    -0.095037  0.014102 -0.026513 -0.104995  0.068913 -0.037113  0.173701  \n",
       "NOX     -0.768137  0.628170  0.679824  0.210216 -0.384257  0.593655 -0.459054  \n",
       "RM       0.218713 -0.236057 -0.320561 -0.390686  0.123320 -0.636226  0.723951  \n",
       "AGE     -0.753547  0.443585  0.504472  0.264968 -0.281990  0.601137 -0.407470  \n",
       "DIS      1.000000 -0.477075 -0.529603 -0.228840  0.285168 -0.505036  0.279547  \n",
       "RAD     -0.477075  1.000000  0.900000  0.441949 -0.444135  0.510868 -0.416638  \n",
       "TAX     -0.529603  0.900000  1.000000  0.446961 -0.435457  0.572218 -0.508864  \n",
       "PTRATIO -0.228840  0.441949  0.446961  1.000000 -0.179816  0.395006 -0.543809  \n",
       "B        0.285168 -0.444135 -0.435457 -0.179816  1.000000 -0.383783  0.347256  \n",
       "LSTAT   -0.505036  0.510868  0.572218  0.395006 -0.383783  1.000000 -0.743450  \n",
       "Price    0.279547 -0.416638 -0.508864 -0.543809  0.347256 -0.743450  1.000000  "
      ]
     },
     "execution_count": 31,
     "metadata": {},
     "output_type": "execute_result"
    }
   ],
   "source": [
    "### Exploratory Data Analysis\n",
    "\n",
    "dataframe.corr()"
   ]
  },
  {
   "cell_type": "code",
   "execution_count": 32,
   "metadata": {},
   "outputs": [
    {
     "data": {
      "text/plain": [
       "<Axes: xlabel='CRIM', ylabel='Price'>"
      ]
     },
     "execution_count": 32,
     "metadata": {},
     "output_type": "execute_result"
    },
    {
     "data": {
